cr=0.9664215064327575
pert=6956.483536163431
